1
2
3
4
5
6
7
8
9
10
11
12
13
14
15
16
17
18
19
20
21
22
23
24
25
26
27
28
29
30
31
32
33
34
35
36
37
38
39
40
41
42
43
44
45
46
47
48
49
50
51
52
53
54
55
56
57
58
59
60
61
62
63
64
65
66
67
68
69
70
71
72
73
74
75
76
77
78
79
80
81
82
83
84
85
86
87
88
89
90
91
92
93
94
95
96
97
98
99
100
2401192478247174546752696
84120080112561385112777364626
58810829152518667190369025707348139331469712
284887466682381
191895
612383563423497066
7191043142886000855681925016877818215529919731
67507811413222123946
4942230579046015339783904163
809362714483522567918691
458906228782506989433
8032013186
16150357272
444407820072187464
924229793647102501552626914398860
94475759761922297471162704500751190
7
2521663962336620344045
180889949492158
92
982997538907180191032
146048173057145605804916009153
6040423174
473243946539439366746786320
564937393231960321707654552884500916945469577711
22767312
1227456517981778575885805
307480817366
332779756434402778885
98
3567186704623389653990
5965353441224181149593481120
310376941592817910280873464507748807692
1324
85710738564331328928916
36568929722796562117249243355960517
314959875537677018372837797526260987864320287990
30223114088914922809333551272478412924524337049
9958483007941638759915380952377662431
23427802878781239525764442995080554434713581
67
5157794413375192646183420557827842
9137462136152746570785575745
9599883717070817272102977836402
51149510239231978390
6849333376187794026310929635732
19964421259220622376380555
214445339050
31442
36672965
90871328071
3802028
4942517772324406944
859152556312356065969304
128667239381057361819197076582404292017
672621182
43110309981316820838915198
386201532933024552373321238526947777920333637092
49881124908893590404430913734989187299991793
3248214713860310
430952061242586936
7007503636878109820534171
224
2037789364962892784939546651
6472
1095360242246022171739582606335054502547971
25902275155318163868348794411780283602347990939
670610434048820223958217308239676838071
2550952413198261266852543
738300050132746854037525
900330560070240675333289248964454699765
94211470914454398296834423319008520899880257907
366
8063514627591770851106896581345544
9576763692300131110
7582138
7
719777325541
32085185
6556034075164050215822462213285032845
94073
18639113371704242046252808
277866797023494319683629873891510226897899151794
52257334746097111
50722837128615830566252861794
6815036537813194419273813643594395121994697206
4879739965392437610829
467509486255184271
754420530920709228604061465658643188151
454383
414186990579155716790224878151864
2218433126
65982086
6602975852446720161542701644
161965961
653611844
811993179732342223832907510
74238327854829086408781
23976932457411119793621
210613736603637
46639958662403777930503373858771356343300
501390
4027456941010175729359315541746
1080542172375224417922288617298
69943
933108535962095395102
403012476201502257129436921043656157614264537
326968394
1677132757511957600306566241396773488763
267
540455433297710897722509365823369504160
4937237
1455286543488
284
3724336600284529247823382478215899522
7533578770
208056493236925990323856356
769087233638
5402291255751
18962752547075556419638875341672488
9532903878542639039714223169068531
513081744395356360583863
93674617917084633378924294
2206634390469761700353045
273740958802324005967769222489806171
482784021236293184
177065056069941848079305591695114813
18146250634433583235314126729
5320983
699755003449102515309337657662261238
30205115488120053931719945389355475118656668683
79370284
72079539240
477857431
3010251754151136250462152829157779906073501834559
270222051401102208374895639380100142559912042262
216901
62145465507179203245439642362668994442
44822944281724810066522534998
97792
38637701314510485830240070051260243915368720068
2477879809313
3668596064
168875212192172223669227933018014
2174297430373811405
341365186788
9437392450933295774307
30048149
245340910
632581225427229820239486946158111
0
