8198944837255294
587636916005175265311349614828638524117739547083726852736
58194266679572429149733319814448
3960648333289493080525733077650478435460910
3948043492734601425132488288399103109448
23504648471819630679701214178064324900847120113172
223739118394830840809959264357729325238267643647849964882340212
5689983762490089598169984306759310
28004265275325451361722597440413336952799233970027419860526599122739909154663795638716980759963
573592868431328156884964734807156406884657981728306924498070705658256843834916068660
61120111878613509883494092980112344376455247
27797246866156177421058805449348220964750568197859164166723857971988565511550236374880675
4017046841498806338612572490144955659454503686239212
59018145540227172744104947079256369373849062991495808512211157983832428346745
244864398800159154998536974619516124574356572689298051869222496228875
71100570499326622757018
116183636746416828144079746754505136799383026639465164040835497021892953557110287893499
83214038330535082813043742383452906501657620330531037631882427627479654319562737060825
1316615089907562859596067695046388961669651508893763681350077605621789
540278284169740213290995718527483620740186073204543735418280
81503790808627977424929662590724
7727645921311097558745372479740634318800241542417
6492118035632
4535637890
859743683094027682809534183104869953332833245226428673211641039945
8867420094270656581627357
48222201945164782867628780437
923448879714900682672592272931444800887761371551848297
27840996597675563810168362301344041260811790376659975724954201805
731552264732411589225199302320
534489873606239738153455
9727756100119847121428821585034726502334445551486540542600125508170503
99816074821875057360032079041568741369041321856805828237332418
344313374807774599519949201611995
568844662558249970829040751867305109797962798806990814901207939760841657036939720911
846445604366307965013162094926442006586115857763286893214706540762531454951628278870
217625187050601057929779
270375293130418568191168297988146173814347499247056383124132968797388713554678595225769192
413802
52807551339946171050345848328557767512657862491898022708551426192066453259618999921193978232
21560307642723735629750257292408
4481770197645113423935628854032802079000967600043
4604002552171103815024991911546026437802111441943457848159406008973854087342536073987712662285
6265927821248620569556784329192110615617733715793649439883723136419990886157828403348457949264
4501511392182576621205775289020201574623
5129097229309273163395522268518840951694624771089338092210261078065434819486786
399501722105173340777708186082913864958368996222509291039637020328923
81660414666706809982887831655123209460846536338228608502767291514570785450284326109069456375459828
9685180123314406290773650360543731462484737497219308893021108491839087673432366216
176220328911760948843275751260587329373366463779553091
16915965617874102070348213813182973461152859462981915768
4967706531362883309248258405280898588153499990452376291053793874
727880492384736124347512217
5195585309423382645108575698760071751202156
8516167272921908730767281203761512251978460573558624542764261514059178915182439211977146882935533
60553291756608095721509712576862010369634294013516868760237015238264327869272843630428441364097935
49355292499054
380833497404369738205410019085203418750410056141161725746876319860757708925641979361858635286
42368030124800008134330195816455
319149483294414640192488216661774680548189730316345605627203502162146955140193027509161003
8388
8967134474587
163356186431199212379603099678594041661406835956195257766645497001389459133840
21209085861432134495432567051129462362
5
411647286741108805039185312529450714664
714714539770975289028680316073454025470557564385287365509228783
158358128884
89
9915467501470709384097476219235126983845083055104703540183016648457941561086599169616846259036993
2716328105297113494976676937067160712755396207758146903818536554548023574115100
46538031014961336130609142854068644647978566710533714628005421385962651717508553
95
69702244595383779862512579101873743189859589856734106385495794080508503654539435847607148827446406
78013488521038098734636381123998791
211844192382037875478511501494726832261791915804461432803154629202448719810392958
145040194935157707416
790610302547709126051431138867336399549805778780317452565664319150004204984954185920109967519646
78009707112732546
566824355991769888507821753290068851
189282962942650691447837815788317337545941206475731416100998929874539243485
82007169801090804892267391630474876613513614894293640
91766903581242513074455805461420796308659995167666222014570832803533591490
779155587511284018932
27170881010947497458578101094272100288501797447284253373494131342362433704558
3883416351292
1717109734449919328354527251198669399363939042
2403168330064940634739680973395557963728024628803498356645906651368840664
962285784232808924598066828602041
8905960588580955836616093035640560078026197182895678387882359305524357286
873960858137
396980157501275056321501361618759340575357676302956209337698684520590345
6475616298283879965803020123676825406027178455641343866988246820360195902769445680966576600
73461692384771625205414291953996452831092561835577339758045666221
2693510258703606995698346128336615199
669284881978788044164710538647775893292581470484911302457231120809138588
66796389
7017781324522646921938617773789000081
15087241056259232209579670798031539276681228
8158
930500599594867007665909835104769741990171559550238939
84565133137429556833801046859754221944277012189972472578473558091187724
1795684531276162098708611688945314175748867793905775768848752295725499488179
19469937
31797138622161301140037275388072361277039276628934059978406225761880716753535330
85943885628496706897465918671696182682477
48280
308263101
253637665701475769768688851054749325201771931607
2564444174814237689618449958044002666073776199077938793990715337515
9480141041932222271370643930083321435551945379516865822115114468
92587894321284062854285908566467615596958296825022442132191839712483
8882073245460083537467954278108316715059695816361037724171103
6680733239307682393682026957919477572017
58836068546879466387
1511441510210603488148052648610182428681803983453269365749532661003061154
649292452939780212893099062238813832090493363
1689
2152235663498421713108782070886293636194763525
383312096
6638278533375
93215927870192254329166122779255598292990109527279197029299134683634923963018757878671712626206869
24660193169978757028312934532760148177696505370204035441814182196106177747406426859
137871956254570667314931379429024721039674121390141746093
3615074417703446672793200883723104821362032598478657190378642
12366712917466406483
84431497797145016237095
986869263816206113588594743938096693811192034656906975342867666325808947363728530127973359015760462
382045063713132026575511
2396523444806733094416891859983012684241831426927681270655565088377991076130045705834
696874862339543531982927832787
786980965
7605950168570263653554613645218370095004871017674959433999410467466288685786766163126615586522
90110998768355171405068536181522735754722678197437945990838902308873257416245989895
665815928228013480916354555560176858
42496207546757515960417446331378538150026892643341302257800239002839831540906452583730610835765
8005532931125640779076
44744315918671
27101865055252094488030841610919859957563200609069972159230543430546414734004900119526471
6608123589747287248571867131068420254
2360754847254962855375979493132489686183008426822451160121644985055883185147021266585517
6328290941972736126348225070378200340534624117721385308827054895049205769391265315145949866366070
22881010137890405111398944563883
3118541010936189222222689329372105059182376196118550741973820250858796045866490545749838132
786654360517394084529281111474852417044027976374728959060129504765762186883611293208
96219391888556985583946267597607
815827807563560
753925891799783419236245728289754058630729619151094810392433500
750900821660711818848233698318446636811999270573358491772704558312205315
14493848680977448825658078822567916213293201247049717534619865578411942283509324417
10854932600763857188630585956865
5057594811459042048556
1598674766432370706426848354010281040618372731704566240297818837161425254627019475212
11245
389841278442392301997129582727088962281258787939029953821305224010569886654369371
8877012264407832640409242
37783663564912353058412782628823821389657248596021865033497209701031928642592196492998459
89381685099863335764326525583502451831531429774440972746205757
943974417856820282357093590249483
316243212052535082197890259935038652275400873373782783711826
6919631407605351000137984213486790865106886514634769680301671461
97259
77620095782640692051127281908805778799569755935332574295695
1649528
2332289134777243658466364
8913549881875242116542259932
99282758646045569770347774
1703617436915595052841876265102994456311025784201608785313843244909
508423120543351038561516070979811676200455782905
34155754861945122963900401613401816593
39285719206508768851212593162451590291114984852867
58239565022392511744342729125925960946640979332627051445377962688772538
287730379540987354448029711562330003262116314041707701604
512864069341667093236154957572525921339284342061314021636394768461596746190309450074158919587453725
11120350218437163986036791364013126183407472389699412182230654268006369206536625566976
924878266265644040598333
8101933194176769517959575650001
23546986595183234121170837859192457365116644277681018
33001930487133844429848738850871173297535240846488585
7043
21274219106678278633638684
20656905528658235354137491551182167777421316331966389340695725933720695826679888446670632424
80512771455023201067824019252986937334570204746162847548495685479104671821297803217964903691
20350730032253956377293
25196212269532735972497046787278087630876721116
440759796773143150082058001118042239208
875149411494564586804068317537536062103354921399191
99530404377073215862254305525695670610257176419095220973627198875059084991862784326535
9873964634325186394142985360711910406882344073604
9034008627058162441464836662825230830625520358613789364942355990975267711979830120
897
391060162946735054764287692389130549777981755262958386145303419683562371656174362320056706340228706
44019958307749764634
9040457417959368854021631277831458793464172
4810353799002990406983130901624928985254286675826436
80050324016804552090657431295811037299692
149491603571902129151410601513027969359607919443351692884935237245190280173137675756144537082927
4857689632910860
710773693995860630331973085945387376847456154218261378888372123870676311256
40418866664513927224581125540129372250036609902
24215539085217376591597357367744365810948462209870251988836800266969063002242
61576687680263489007203506752107366146815951
62522244824491832660474187875935389706188847932318358888765288918
3850930320
1597955933600980018909638153672331026832314404635728893628186319523
485399923859779582310498
795748724
534694101096111435545830509445980369991000833999643258420575085132221423608017172617681738446
713135750479606988517399039698889113890950830428572401536517
37439910207200252321583848
104694225267464696848181864703435096621167025484080028127899353082646782684254
157077314316689863530414111
459808096312748529415145571602190192194927211295438962619902211442661075919248803819
9228240674013825605797377306617531488447149633113884
333959668122500249508152467374917403661683853079020055404451844504063253758368282408250
359713419702175826384886296448253146600670807699240820659515340976547526727688822825812
935998094653170999507321378482448957968423950160020974331179415423329283570897811
506630701337782123506
18805828059732905060958180432244144838735628011747034853116542977650645
602533272237382618371540120767119465902235185369396641673851862720221746474220171748825310799
612333299685807988946764394005317542064142
6534543
5376673898107960926178923568127357236515546352577106198566378315258801578123690520342198946099714816
43906585750084215219831704386905595166841840481904
574888486383801167228260764878988588426285687705448486773162170938791419
970695253942635997097247958569669640476782945657358294299247235310359157
3313
1858352561700156496065134707055050807273556583152
716860787734717714918466269314
959712601456383129039715977411798989151299027551584655463106205094121560474322590187
532358753769080572149581201388223478444030931218
64594836996918267321724940263247807582101813861
85988672820144836
5701931082610779557595716375
848340203
851058774441508661330980240464971077066620770739984184101477064183001673762947056786116455271
112925819773831187865103659032844256057926410520429939316211425063668
11424498640555489322496293561331675236000278026951110839385641720454156303107014126129
508249169815191617834049185416486400349542251414117711640381259892158204449882216
8717433265765908400645055177457551594813519201161327822551307052321004377409735867572929059
77939232781423496195962356284452377493
410363970295179635119783051
54357
256138445714660791485658224581007722786359716905343021853203536408896623625235762366
21704
2792993879305557037770534453418289798075926573486373347984535375344343966735075732267185530288
123799855580576400
2907582700506055143698623300629521479662
946491564352998410049760152914058619885213704576772650885088686669648
4164211178816516687685662268761678219528339182760620
874
1401568380432285316582775895556098364104347897328109
763778427635992116466273814113911208352035734166824671172
86007129174398873581383742089430060974992541530001131528
7678191712773891236757788005403862773054241823948525414346886374763068604086391355016440
6900848480287437392427977364966479753793734489330573292028417284150729015
635166731143364981285335277502187903598803141731879634353004442332601784210395593658193
16880315705193516745215782793157965
18660399840437088758159565273984960012116250170165080938677987375676819635864873671896975673
8010008197665234162990059708634955957067745468084293510600475881678395261830638369632
5294974702788650578877170988207249848438728594563640579799739775651605
292488161923622313144840691218808268185497869292629023202426228075903442348
307546779074620868135238883143635400087006688665698214
42738192852882782440429
30222673046878065363543009261382
6686336824707370217847842475411489235837519266487364168537279449564078721869528256685
1846752147080789198993197676524028803
2
658246158967278265830252344860865680427214163189984920354860849529761515121441639043071657
1103390135
785131496510847905692995416663862595636489463464945147788364652
615943523006482338695
558617337545688223222814364971568349274058718532175378904421779624553078040115345874
652395065801474663825940387382259408206796056432915439769417834706727
782158700735166848567594
50239849076856020858643419460010063240169864668664730091959153161785911817585362737936
5226979588557988073828768037620262851039806894621125992727581
47115218310990374486906370348430441964
48909137597417267291
7728169028909201598762844436668033059151964086165251437192959
82397404511121757292667579886784135976559
71849788244923022
82126833498475751859976580992385717393942909697784993743752102683513827029288188799064339862020473
866807287588277431083845087460346146877647475130
990157444004463701690448833163804830
74386842314494538333879351865834274078
428832372825897258033060454445887670129512311
98051650617052550449772625076292227485466184569803790
554643065384981348644403239129106791097747255301375938351485
8629551649313888
3486316889285801298724339468459319142830950450791584217176113044188383
31646618896438165987203821
31239595456257890639227179473861114265720448337612
574645339322438713645083633255902398
6297411910247629757
297
90039123530973086233154022253214437541895002520
258823877020454882353360
6239566054504277471922767413128063910847297714
23767953907231237621827578461028394111603326449424706473239331173706066400066
914932318747081376272330752948961565016892712859696822819213122208701580854261220
952364697929349341843897370521758286666350594448742333263335400440007664815279254
5900735009225726712361615438174186151
71815488
29637921566593103838107
1807909905295622287338368762937029910002841514754698624591716618531551738101
861771426139045686337981849940868038170985000860
6333141753271883365186137
552514047219964365349726022371736009616457565921477561163621716618581146895
179447018394935753381063221
368150607837141188033315300721040
550379109552631686193693427687852190222179452732342733295975671182316544581975239
347435402285389
864629630682908148705327625114040424318578888815685327180
3321755290396284084131104307325550845
444142348323686
103807074
62228093257796339915907307217884229158695366999891303135078959681598557204805786047570198995073244
910326121028185857177363358795006
78642947775283290928483352852675751955825
73794
395370842804491152329144739424333080066246888925357361747709364662890416327139
94502898569795173652626350083160732912090162879157629276296
3407728060971799703279481145002242937043030231304621570806
67853077773198
81771134413695
682367534327616157021177800427778124977321382129023143
7308586267428494627740960194724167035883745686050
6491214272
33495863613089161660021152772954505083664982098
2635848386007664835863
642444479007967245575339376151565921378598406
411006555844905681704393893490743063630435825503805335
46177364872356499994656156609382921950347772314523180718688
1703934639006050
17648677853631923416800702609840
255842698441474002104037658499914600189933272895007510478247151723
91844483663365136376102137219704890538814351984734574787520691392345258685975459826406370451780927
4242222078788942127023630661059676118315304120535467843001236315926970700332308074858350493235749
575198450778044092375960115067704315150340444846393081013639511962
49745780396946446640123076382753648138367283027
348984160665318958307876050
4990371433041815014709898758471
123215850891708933834622
639963888395167251179014869713238426716748574292509522131222845889770376124865048110425577952652
22661493071675696651428115570023201350870157918703845858
25610150207407412404286880377420183198430380
9456691479574268670503619013845280141218367704863035506520004544858991027929506821473225245
3220739741121536517931765128698811814900112278049742031663624428709309432851656
420571136781201130551983755423275234447245588691648736331
3311383629212697476404884467775628758230463622591331831277966621418262400784033
365728996864405024486008782936324096088886348842402202080394948568478257081896138389
5981842
48114096668606789363151949356529532941720582460396802118
15927893019381561709750442874800692374895753001483379435632023302532943438
893897186723455690995
878125415828817293938514406321290103644358339170
4654790774196097025788262773501666237325764563598066105372844900855580076644295023833581887470775
25452226968462865123421480658183848092888846025569023381647657133152460445359827950
683632401565737198745014032184394957300556029759755476909310959
663963641680661318804906
765978533626367
6072335416826688437314773938739559002545359037080013
4091690
3668662337706933135150071997918076054297189773286923921032943963760201
59108449233635950175681160200334346301254519227356014332354608
82695930693735460083728155636451840534595098737967359367940786890945525
8
429917762601517
4826747392564025226313262277565349113
1532182454810172794681344735196640878135
8675592651564123604562163966213803372740818421001469796004
481384679511629262275755643877625755433386649777014781248545507202047395152221042423869
5419481
6109696868211256999768302
1964588696576289391050049854070366726707455093142350576571979207891
814391504759029715489670899883576205368853977848
464536546349125543821874741711527172
88472504051365643049330482301707547817413771335661715083415815581264036505630316518218751
42091419834687
62404077098065
9142078398937920654817589460032248666627412125280881539597700945723505248
710292083832531251118032859298799910140624079114545340745776546669
3398758642707172690
79726402220351156212494101380516401063485
2387879915068194929206318975022452151375871782104225858775
28615041298787076408922410207844827
436636514702202324754171937974328901884254696828216935
49846490401
291247863604120057216255965378157284
505709841099437702670148298592784274451772615406883007128990180537174241534095873
85010101330383012448511930620250783713948178499835606812886021091394808617
4665111101522582713858799907272940671013165335609104105095823239206507935698470301911
220245486804524
193609302333767199356952957491172632595940217128373989476146453638189894837740599998037
4120678161151010399015906008584199386
6451273399401552633618482677451329648099949297470764824283920382248068974895545831435
2
9583888256416390308163106731797068566301245896126953465238329327105935159868473288547
22115049079575102280129649623341853589687
665667148489049662236209780587343821835
9579066810372481286
12930150728688
8440744480494357376600129615613879855413464112841503746629380967862634192603099
2155711904705596222585603753845450933225825494038208770145621187392616190830553574
5140726930925864137056653118174089273086071657062788563
9699351143093886594266095971521592628764264674423871472981264435809697326903347824964272300
746466355691794032876930135737891739585046236651059754987670461755905602225811016103502389
8772241497519990002283228463379758194443117306518756070046494581302748289930
11578475471330989011407335240228595334104437528641982617461405585238968313287261452835571844412937
64095345361406881459745386591506905669198258069106290730309750342820039857873915
248199620372845965907974979984710742814963157846658365954862454638011620047943508334141
588054984928648807750550016177927923
2393579279266961
62845546917262302871791627516884289863
4647363501221459626985037027874430386857201546428139832566545900941746466710382416391767514004210
15051855983344993361233655387318835222731067687113259544172026011753026345
1373635123586418798007569942395
4488952387264541443428219762639197194323169716
703223662344273382476821103829899134402856275703173975307689781814474652299782199608138818006199736
4364252075181
54744044107015579525042462190239825220932834393266982241452675757300515999
209787991132795582362864379460810991600713204953389567914962966257537520040555896944
16274662209952826831808607294870497075208315508203595575396973144063713547329
39
1016761842893453081348811024610923511
8518474906830248570746065202613675632054630874641815414164645904480805380379953246009427881571241441
22
790345601610
182397231665186029511876689492642893816905715537708897755606082
416534639564313021039786605617189
623375131445488619428243050131
656621774149720349987120283534842424794108392326426
994779326188704498796209737274625004256885675015106737822849401931378958435256769564266643585
6002714490752531327181878403552485956305392866920839016868
83873369111672951763756650458201808137240337
34911288875812644945850785730714127445454956342838313303089
728855593967125469497733338537800615486793605273312115661416419
2012071927291125478546350544630651051145185497146911756020405770095132760400326037112
542757448753087748350796925050166361127195603490437626418936942680913942402964907661202325
8939949290614763505691
8674191222722336233492247295330599928040232677390651076
455407996834074319106499250248266706428221631284394045160317233805467280665785
947602795002437252932314999894130091380010455180573706
150046407498
2091236764723216838550944119118130255824
688394
6480594117048171318890263056219669630241977984235017263580104270333469776574199701629987210667
923302389875965888417616046605628970100207824302375058855735297205537
983409903291441496142631838376154494506048102344988342727586393752
8422
460497805969333003944231793338454495307893928341855
90479022067439169870262218304034193017516459
5747649363677637198341418672388282947095362047086010352139678416
62522150586384985243456535596388630068046696106820168821573
81296593319178708511629621781024343092543452245226380343631765319611067505041573303
8762391147263496281331958601945633885299947488027470777650944617016557661611434371678334340913
35580269442715145502367911212505055394
3863116681627298430776758403367175687247430151916284079811470307967882547774996716116
994584983040854311396
24112340550938547843928572701541164518663688632348950908190265571952710390154690407797719737297
4298321224782889856053162637702844678910519819
475240302959784528326238969989808322554841739184116951078968
9880226784303717750132672373254754977745197789666670857214631026413399128817775642649590173
358393982022841816470240750824219
7835855196716872886485985147467062679388179979357917407934670
169638937308287656775295339229907983706639579436315855300222325113
232763464011346493903448763078602170416938272034426960967266336545706692639
624860933990358607362171963502566262257766724884541778866118584300658324228607253
6033626924797813
3976194793166716064443981861916903713304723396214688277355666277740283777208841219038985462389
464
9773693498611736656112542589339908299738791877652265422690623516455520400709474892444805887
8022777071299205944170530
486042364051035246751817909449470274401018331088
830349351910582777380518942120095031186299559749687838944369568083193023190364252138142
1844454288220653776318069640068052417148980167
94187193359576373844750568776419848869196143903287854930907650555531672206896136012427427382350
45994344025838732194838566094
5779823265445942283131639209461450332881525121560105488330476731887275529253430442180945002
85284123687505148304514738351731579183461344850881234729774850927038694728113211546131108
2572775051990402
4687325456785592210982692806843321056811419160
64622882064848380707380651669820282572999305335306256223602584515984295125651203029861221689052
4217170346070212603317723533183806525570387628090323097571109481053621871533662896228977
2912935481819546104745837216009092587048349
56026
102239467468773250
307
817811403645259036933667491518339012173667103308193662321472208129369825865397107665819156499203
7924294867940136705096572486622314956352046259941640418976530974461027223171265442485493378567
4612807230
92726143299142858529780280116120302218550674179144
223615741864366505255141223387529002698995333205951667781030784995374284929469054
7008021340489535409268454044519810
54078016282722650615049712604898297091919102567520254326606095014745839069236100125659210039550156
195577703005223002412473926272834681382884327627180527932
99962323551959302276105259
433305369882553405819207424894967517264154
9217467779953191133920222985641863711
69486917341855889297772950453594454275000387885004771189424785141598390520228820429858992592029
48337301523528
7279758993025219214780715263648565462474976599642230213059314392150507914786
120952185
95671065136633850558420615924469126244858641928194958129733399214958336192516545163977840279
5291
141683056
1034663434038051271351999749407520917
3287669301014846735140317
88602333311241644228813447470352112375828062349873855419177404615074858677911898196837
8571719989859356127
9732048988975802993901407088452847141151148628937430690310367741477513727
60803748728951907874913994289970150736709706919806210801449366572567
575391230339569590031599193870238779112347224375598850861348494483394851575
8460479199702386442378446971923281248357247788524872
282153098470920270727427962946586991522569553803877739747143711313685833911391890563637
51935068346041442593872849
220774629999455506949654647486700997360451
6806
674831295955747847773940271188175851992
40284088766250209519346123445636656375161988128181036940286779557286723013036966089896126713971811
339073021187488
163233382212536588751074153563840363613065218176962261689955239297778186828637423842020135661
2240943911219703254876197473
60526512835156048564153783640170322995498905620698013403998105349558299391073052165
98037847573649480
7162894435292694964539475881886004403868609068
54040987685975595136634415631491195
840645512028356910647281872979255220973206
33856011839916333251885
14316132517140423336089527805324886691863
8974328810607876149319396506156343078059031921535788827698323960469267380592657148222991
43531597425355405882806648037131686856718555298996
38
728567819795541451929439335526408276089150826264586420355109779719637544656274
12594522034121103266133510347721070645068583695133046518564438556640147197488
9141716813457933511144535702583698881682029734206312795567915296274542966831582115
8406277541504261801481096839194456283939109737839107309902133589229724755820
2374557748789327331540989450658915362248039281116270460436493406135659484503836
1561497753607779225031897047512260309376667456598093392
270604866496782341917417622027434606002943512978360013095299165
9535784211530425146478522744391567235876932294728567341815
447104469236480684304993434440886619055200049007659268531977185867784406420
1228020607147110198787721098213566560840586490509597361662696062
806168947357056645138911607
414432592469016074831960183702513958327593595314029138146
2888139
621902453104508522356120120562376686833164826690846770982150390278883
500946837675567441802112302486086092875764210986168599752990510310517295817
3774351278799897922228412571661130766805606885509
717852343206557315130036823543266273427967524457
6118498833288160004273170315096808767572110947949396805837338230006785
472011980479294243891021050937144
989580951365501392316566515872410460657703463594057606477
8512836734
435581850477258815711444502259682132240587223224827164736253121
85881859794226708637230056480535215310590912504699332349187133986418789992375936869393
81247535108179288517200806738381605371001120248219031
619159450057640841983
114826236557828470548308162355607001825502404353329359465612184005299941
127572991462849664848045435396628377788834
21407803627273924516666544449073135815397336629200166
1237730681952005998366779792579902877837022444954002689750937027506299213457143763953021
549667163675888438503468312563727785621181669725507043807255557427909317485550220
94524252727671381514
1205929329764238775163096921266218900864952575364082381
6354216315535175702478148164186131555108862
512615313653919017171646956938720913
84129733634453538
6394803025151925332660036563046598270502039431965333336005301263280252686529935460913835396412
22079257809912770774157686449844261288999102570657284964610594240361
923627407076250316147961104467831325167084729953677563675231145497025733425530899847334970216
65658353695140450536381971902597385310681315372537486775875247095728906050719282920520109833555249
729571401695638158487332089529871720961252
177255954289468907798711894248975922417155093815
54697979393311103
16391892403966645365294837169698227337577185
714079296043303913140699468765417016055681113435
29030976062525428124804025588085180199795277919024
7403670581352354463617309499955205764732867112768221051913008528297690979800398120527631131006047
4601490615608823222733265226805085446618190974318783000844
1414578934235157020109141369905377826831565272904137053
9130195083244851423355316709453666607205731337479806368150216572462185970
1375095250054586844688231280983010831577884252048407222662652
1528833723
67118524599935553293047042617976789751122035502921455359
532100000751094121824947595876689819911908217629821426377884545646830940893557750814651651225790
55682861248936119506962006805064543941285300912
4
58218278238074605128991102342201022
2
6957143871111202426980182326596603618115226358713503612066635305869670123950851301684082755
3588177190320
80753869820749401451490120454479654953055
701605276969281655256821774021271653101997038105940532621226475
121622731871997039684417935500253517793190401316
65936821472629
61
12
4164198253122502728767978681305331850898112563757625332
7355
31961669560617464232607043278952048107275446102627097094
4130
1324643928365787515524518842360913587899647116169641294100336340898897763795503687919349374121130
72
18479142400293147276811944265465223339500
21156175776073499137772205167
39576105803500879982851091819565715345935208
25313799800181350021568
9301385538677585708721342759354285333889868528018192226694651090735336422276208017531322707927
826554977155353562213658355484708454043770525093327882630488058915529018
40899221121395555352366030943952931173287648193851209813827222417725075731861168488499792434
7776228908416247822836745769029026641553514131835218093581686708494769012625720
9137
53001169165204814130300605338267769995033553964579719791444560249358051329635202375
663329810271521593834689083371769
822
2410564643148516634
8338041065099114052484861148702647461768289
2172806946570277295661401283197326516302170197029705955075505439100730270289113086
3351217381874902404108229352130365496346726116368971793940184312851715380191739
677482332618941914622202303
959928520074
93746760302514110285399153351721218886146317020
889980053304348566662708248268639549554104539517173546660418493
882258553114621016754336
552807582950533847680699463910707187838023396672640829767169359087782516146903
4927246039822
4230024731097092204696256657072426620113444343785164792679576738302536090426
6453002148033013328544024929309544876000135637989865288602733689186999202787487
3392290418744847829731958043828857096050854530435318426320824602
832392349891326
6718562745207440793636225160426919965249960826897181005721786597716252460642233261364858046627598
35571556901327656053878650611666224391111263
9085615312930
6681027648750215456204567708202781095759726947705345703693515704003890792
9937980469696733802945193
622482520622204802557659
1601933479204620963903149617434694910457379741050362607788
810037047616006949919402329009733936652545245852773715147270143438226670196
71178462
481151216975391261587290561245433741192789238557817756015139895
2127077061477967235815
5848653916217987791483267537788584349833576486165526
14727797575
1931468442205
3234288207924699010426220743703746174117021400313
48270245747111750483395436699944783830504417592853182927
886952935767471801
453687
788058830379946
304585
8649528956073858815701575741719393248265862349150822102776059908545
21067293128403615082689709673321427346878910204902393365
9207613898477186380529572
8739291
57547431422287202790436811753092746611773193133504568
81518019205166455094300750337391665476599127975574126113258907274
21692705
441435673797167
557
24922841016979627420319597954615307503707516479111454323210683135085477349
280403077412845740076183751020150290529562967431749377644968
73295477425813587953880766362279791448100883261158658625253692774810852852498703668442180649
3652053791217205451367709807408883380679
217632005582593391799885185967
