59

7
2

1
12

0
20

9
17

1
10

6
3

8
19

5
15

2
18

1
6

0
3

6
2

5
19

6
18

8
7

6
15

2
12

8
1

5
17

7
20

2
16

8
4

8
11

3
15

4
13

9
9

0
18

6
3

8
16

2
11

2
4

6
8

9
11

0
3

7
2

2
11

4
0

3
9

6
9

7
18

2
1

7
13

3
13

1
13

8
12

2
7

4
7

7
8

8
20

0
0

6
9

6
17

7
1

7
1

7
8

5
9

2
1

5
3

8
15